%%%%%%%%%%%%%%%%%%%%%%%%%%%%%%%%%%%%%%%%%%%%%%%%%
%						                        %
%     DADOS DO SISTEMA DE 14 BARRAS DO IEEE     %
%					                           	%     
%%%%%%%%%%%%%%%%%%%%%%%%%%%%%%%%%%%%%%%%%%%%%%%%%


%-----  DADOS DAS LINHAS DE TRANSMISSÃO  -----

%bini  bfin   circ    R        X        C        a       amin     amax
LT = [1    2    1    1.938    5.917    5.280    0.000    0.000    0.000  
      1    5    1    5.403   22.304    4.920    0.000    0.000    0.000  
      2    3    1    4.699   19.797    4.380    0.000    0.000    0.000  
      2    4    1    5.811   17.632    3.400    0.000    0.000    0.000  
      5    2    1    5.695   17.388    3.460    0.000    0.000    0.000  
      3    4    1    6.701   17.103    1.280    0.000    0.000    0.000  
      5    4    1    1.335    4.211    0.000    0.000    0.000    0.000  
      4    7    1    0.000   20.912    0.000    0.978    0.900    1.100  
      4    9    1    0.000   55.618    0.000    0.969    0.900    1.100  
      5    6    1    0.000   25.202    0.000    0.932    0.900    1.100  
      6   11    1    9.498   19.890    0.000    0.000    0.000    0.000  
      6   12    1   12.291   25.581    0.000    0.000    0.000    0.000  
      6   13    1    6.615   13.027    0.000    0.000    0.000    0.000  
      7    8    1    0.000   17.615    0.000    0.000    0.000    0.000  
      7    9    1    0.000   11.001    0.000    0.000    0.000    0.000  
      9   10    1    3.181    8.450    0.000    0.000    0.000    0.000  
      9   14    1   12.711   27.038    0.000    0.000    0.000    0.000  
     10   11    1    8.205   19.207    0.000    0.000    0.000    0.000  
     12   13    1   22.092   19.988    0.000    0.000    0.000    0.000  
     13   14    1   17.093   34.802    0.000    0.000    0.000    0.000 
      ];


%-----  DADOS DAS BARRAS  -----

%barra Tipo  V       ang      Pg         Qg       Qgmin     Qgmax       Pd       %Qd      shunt      Area

barras = [
    1   2   1.060    0.00    232.40    -16.90    -50.00     70.00      0.00      0.00      0.00       1
    2   4   1.045    0.00     40.00     42.40    -40.00     50.00     21.70     12.70      0.00       2
    3   4   1.010    0.00     30.00     23.40      0.00     40.00     94.20     19.00      0.00       2
    4   3   1.019    0.00      0.00      0.00      0.00      0.00     47.80     -3.90      0.00       2
    5   3   1.020    0.00      0.00      0.00      0.00      0.00      7.60      1.60      0.00       1
    6   4   1.070    0.00     20.00     12.20     -6.00     24.00     11.20      7.50      0.00       1
    7   0   1.062    0.00      0.00      0.00      0.00      0.00      0.00      0.00      0.00       3
    8   4   1.090    0.00     10.00     17.40     -6.00     24.00      0.00      0.00      0.00       3
    9   0   1.056    0.00      0.00      0.00      0.00      0.00     29.50     16.60     19.00       3
   10   3   1.051    0.00      0.00      0.00      0.00      0.00      9.00      5.80      0.00       3
   11   0   1.057    0.00      0.00      0.00      0.00      0.00      3.50      1.80      0.00       3
   12   0   1.055    0.00      0.00      0.00      0.00      0.00      6.10      1.60      0.00       1
   13   0   1.050    0.00      0.00      0.00      0.00      0.00     13.50      5.80      0.00       3
   14   0   1.036    0.00      0.00      0.00      0.00      0.00     14.90      5.00      0.00       3
   ];


%-----  LIMITES  -----

%barra Vmin Vmax Pgmin PGmax

Lim = [
  1  0.95  1.05  0.0  250.0  200.00  37.50
  2  0.95  1.05  0.0  100.0  175.00 175.00
  3  0.95  1.05  0.0  100.0  100.00 625.00
  4  0.95  1.05  0.0    0.0    0.00   0.00
  5  0.95  1.05  0.0    0.0    0.00   0.00
  6  0.95  1.05  0.0  100.0  325.00  85.00
  7  0.95  1.05  0.0    0.0    0.00   0.00
  8  0.95  1.05  0.0  100.0  300.00 350.00
  9  0.95  1.05  0.0    0.0    0.00   0.00
 10  0.95  1.05  0.0    0.0    0.00   0.00
 11  0.95  1.05  0.0    0.0    0.00   0.00
 12  0.95  1.05  0.0    0.0    0.00   0.00
 13  0.95  1.05  0.0    0.0    0.00   0.00
 14  0.95  1.05  0.0    0.0    0.00   0.00
 ];
